# from https://arxiv.org/abs/0705.4512
# A      Y
69       6.1800
70       7.7400
71       1.9600
72       0.0000
73       6.3100
74       19.700
75       3.7800
76       8.7800
77       3.7600
78       0.0000
79       4.8100
80       28.100
81       4.0700
82       6.2000
83       4.3800
84       23.600
85       2.8700
86       0.0000
87       0.2920
88       4.0900
89       1.1100
90       2.6100
91       0.2100
92       0.0620
93       0.0987
94       0.0000
95       0.1400
96       0.0000
97       0.0808
98       0.0739
99       0.1730
100      0.2260
101      0.2670
102      0.3150
103      0.2970
104      0.3370
105      0.2660
106      0.1710
107      0.2110
108      0.1190
109      0.1720
110      0.1560
111      0.1520
112      0.1760
113      0.1240
114      0.1720
115      0.1110
116      0.0955
117      0.1500
118      0.2440
119      0.1840
120      0.2140
121      0.0836
122      0.1520
123      0.1130
124      0.2200
125      0.2560
126      0.4920
127      0.8480
128      1.4700
129      1.0800
130      1.5800
131      0.8220
132      0.6530
133      0.3090
134      0.3850
135      0.2480
136      0.3300
137      0.1700
138      0.2140
139      0.1570
140      0.1610
141      0.1100
142      0.0660
143      0.0706
144      0.0998
145      0.0540
146      0.0533
147      0.0334
148      0.0421
149      0.0323
150      0.0490
151      0.0452
152      0.0571
153      0.0495
154      0.0595
155      0.0468
156      0.0579
157      0.0471
158      0.0614
159      0.0601
160      0.0741
161      0.0741
162      0.0900
163      0.0972
164      0.1030
165      0.0839
166      0.0753
167      0.0546
168      0.0506
169      0.0340
170      0.0369
171      0.0297
172      0.0381
173      0.0316
174      0.0391
175      0.0305
176      0.0292
177      0.0238
178      0.0192
179      0.0138
180      0.0145
181      0.0106
182      0.0136
183      0.0065
184      0.0106
185      0.0151
186      0.0245
187      0.0318
188      0.0708
189      0.1030
190      0.1520
191      0.2290
192      0.2730
193      0.3880
194      0.4210
195      0.4450
196      0.3020
197      0.1910
198      0.0950
199      0.0507
200      0.0334
201      0.0265
202      0.0257
203      0.0033
204      0.0266
205      0.0497
206      0.1970
207      0.1420
208      0.0003
209      0.0501
